13863
1162
29190
29591
21768
29107
15977
32530
23528
28521
25482
13606
18566
32571
11340
1656
5384
3723
32025
25
11083
27794
471
4523
8824
24997
30743
32454
31448
19382
27023
32666
19433
25629
27338
21717
6321
4761
12830
21191
15954
29073
6879
10179
12511
26528
26834
25033
31342
31313
24548
30563
12398
15911
1052
22477
21307
2017
5583
18008
19440
17147
7699
1296
31869
4472
8053
4765
5625
6367
16111
32615
10553
8324
30996
7678
9633
25864
14222
4792
14906
17699
23242
1692
19717
11169
3058
382
31887
23211
27420
12140
24518
31816
28097
5449
30731
7204
368
30904
