36
133
340
809
836
1124
1411
1430
1687
1918
2156
2388
2518
2787
2888
4206
4624
5344
5402
5999
6428
6800
6831
7111
7162
7544
8464
9162
9943
10186
10421
10432
10458
10518
10739
10953
10993
11405
11485
11512
11553
12181
12679
13043
13071
13162
13685
14878
14967
15467
15580
16353
16565
16668
17255
17601
17638
18377
18744
19078
19409
19691
19776
19910
20117
20233
20423
20519
21142
21587
21754
22003
22003
22222
22973
23131
23403
23902
24399
24973
25622
25753
26360
26364
26422
26896
27667
28134
28282
28511
29892
30117
30120
30912
31130
31364
31732
32195
32314
32739
